blinking
3, 0, ... 3, 0, ... 3, 0, ... 12, ... 0
4, 1, ... 4, 1, ... 4, 1, ... 13, ... 1
5, 2, ... 5, 2, ... 5, 2, ... 14, ... 2

walking
15, 18, 21, 24, 27, 30, repeat
16, 19, 22, 25, 28, 31, repeat
17, 20, 23, 26, 29, 32, repeat

yes
6, 0
7, 1
8, 2

no
9, 0, 12, 0, 9, 0, 12, 0
10, 1, 13, 1, 10, 1, 13, 1
11, 2, 14, 2, 11, 2, 14, 2

lie blinking
35, ... 36, 35, ... 36, 35, ... 36, ... 35
-----
-----

lie no
38, 35, 39, 35, 38, 35, 39, 35

lie yes
37, ... 35

with weapon
33, 34, repeat

knockout
36